0:
###
###
#..

1:
###
##.
#..

2:
###
..#
###

3:
..#
.##
##.

4:
###
.#.
###

5:
###
##.
.##

39x44: 51 35 37 44 52 44
48x48: 46 39 48 41 40 42
41x40: 28 25 35 24 19 37
41x39: 31 24 29 29 28 28
48x39: 28 29 39 42 31 39
44x46: 55 52 46 63 43 56
45x50: 68 48 63 54 58 53
40x35: 24 29 20 27 23 20
43x48: 49 51 58 55 55 50
36x49: 39 45 60 39 43 44
50x35: 28 32 24 31 31 30
49x46: 52 63 64 52 61 54
40x38: 40 36 41 44 34 40
40x50: 47 36 38 30 24 32
49x39: 37 29 39 34 35 33
39x43: 22 40 34 26 37 22
39x48: 47 51 33 56 52 52
39x49: 35 29 38 37 36 33
44x45: 34 37 37 30 33 38
43x36: 41 47 43 31 35 40
37x40: 31 29 16 31 28 20
43x45: 25 49 42 28 39 26
46x49: 27 41 50 39 32 51
40x50: 30 34 34 48 31 30
41x49: 36 26 37 36 39 34
45x45: 50 57 49 57 55 46
41x48: 59 44 40 60 49 53
47x38: 43 51 50 46 41 45
41x37: 23 20 22 36 24 30
40x35: 41 39 38 43 35 22
40x37: 38 44 39 42 22 45
47x44: 38 36 38 29 33 36
40x36: 32 21 21 24 31 26
39x41: 34 41 51 43 39 39
36x36: 18 25 20 24 23 33
49x36: 51 33 43 52 45 48
48x35: 39 38 45 47 50 40
36x50: 32 37 40 26 30 26
44x43: 47 52 42 52 43 57
40x39: 48 36 32 37 46 40
50x44: 54 55 44 68 65 56
39x50: 39 31 31 35 41 31
49x50: 59 71 56 62 65 65
42x49: 30 35 33 46 39 41
39x40: 39 49 39 35 37 41
46x45: 53 45 47 51 65 56
47x43: 38 31 36 33 28 43
41x50: 35 35 41 30 32 35
49x46: 51 53 58 64 65 57
50x50: 77 60 57 60 57 72
40x50: 49 50 42 62 60 48
48x40: 40 33 41 26 39 29
39x48: 47 48 53 43 53 43
37x43: 41 46 40 45 40 35
42x44: 52 51 37 44 57 43
44x45: 45 28 50 30 25 32
37x37: 27 22 31 25 17 22
44x35: 51 36 42 34 39 33
47x41: 35 28 38 35 29 30
46x40: 29 32 37 34 36 27
49x44: 35 42 44 30 39 33
46x40: 38 54 47 42 51 51
42x35: 26 41 38 45 32 47
37x46: 31 28 29 36 22 33
47x48: 73 52 59 56 59 47
45x45: 32 34 39 33 49 38
35x47: 39 51 40 47 39 40
38x46: 54 41 43 39 50 40
39x38: 32 36 41 42 44 34
35x36: 33 47 30 35 27 25
50x39: 28 43 33 28 39 37
42x42: 29 42 23 42 33 26
40x44: 26 23 33 32 29 38
49x46: 49 55 67 66 59 53
41x39: 44 28 39 47 43 45
35x36: 20 22 25 28 15 22
42x50: 30 44 39 28 41 42
50x46: 35 43 44 43 34 41
37x37: 30 38 35 38 35 36
40x35: 25 21 27 23 21 26
46x36: 47 47 40 29 40 49
41x48: 49 51 45 60 58 43
43x42: 24 26 35 44 33 33
35x41: 24 30 25 23 19 22
50x46: 46 49 56 67 69 68
42x44: 31 30 27 37 36 35
50x35: 48 49 47 52 41 35
36x35: 23 26 11 23 21 27
46x39: 33 34 33 29 37 28
45x38: 48 48 37 44 50 37
43x49: 28 41 33 45 44 32
39x42: 28 31 24 35 34 30
35x45: 27 40 53 39 47 36
41x46: 24 32 38 35 29 36
49x46: 44 35 40 46 33 41
38x46: 42 43 42 49 51 43
48x44: 57 63 52 60 56 40
39x43: 35 32 25 40 23 26
36x45: 37 28 36 24 25 29
50x50: 68 47 69 52 70 73
47x45: 62 64 41 51 61 47
45x44: 64 49 44 66 45 41
48x37: 46 45 48 47 43 45
40x43: 20 29 36 26 28 43
46x36: 42 42 40 57 35 43
48x39: 35 33 31 34 42 33
42x37: 25 35 24 34 28 22
49x40: 38 27 38 39 36 29
45x40: 27 39 25 34 30 39
49x38: 33 34 33 34 31 26
44x44: 44 43 46 45 56 62
39x44: 38 37 43 50 39 58
38x41: 43 36 31 52 40 41
47x45: 32 36 50 28 39 40
40x49: 47 53 42 50 57 53
47x35: 18 36 29 18 34 29
41x47: 41 51 46 49 56 54
40x47: 54 37 46 41 63 45
49x48: 49 42 42 33 38 52
35x44: 22 31 25 22 20 34
41x43: 32 31 27 32 33 26
38x47: 28 35 32 21 27 37
40x39: 25 17 31 34 28 33
48x49: 50 64 55 55 67 70
46x46: 25 52 35 38 34 41
43x42: 32 41 34 27 33 28
42x46: 52 46 51 53 45 51
48x46: 32 38 53 28 44 44
35x38: 32 42 38 24 35 32
46x45: 33 45 41 43 21 42
42x35: 22 29 20 28 25 30
41x40: 29 27 26 30 25 32
42x37: 42 36 40 44 41 37
35x46: 25 29 24 31 27 29
39x44: 23 28 26 35 33 37
35x47: 47 39 48 39 43 36
42x42: 49 44 37 51 48 44
36x38: 40 32 40 31 28 38
48x49: 47 46 41 38 37 46
43x48: 43 42 36 34 33 36
45x49: 36 44 42 38 46 33
44x39: 29 34 37 30 31 21
39x45: 32 32 34 31 29 37
35x46: 50 37 46 44 34 37
43x39: 53 37 38 41 44 44
37x37: 47 33 29 40 32 31
49x44: 34 33 39 44 32 41
38x41: 31 48 48 32 42 38
35x38: 29 44 38 37 31 28
39x40: 21 38 24 25 38 22
47x44: 39 43 37 34 28 29
42x42: 42 42 45 45 53 44
41x44: 33 27 32 24 30 36
50x37: 29 33 27 33 37 33
42x44: 47 50 61 41 44 40
49x46: 33 42 37 38 50 39
35x43: 28 28 20 30 24 23
44x47: 38 34 36 29 37 36
37x40: 31 44 38 42 34 41
43x45: 35 32 31 39 42 31
38x36: 29 44 30 42 27 42
40x35: 26 19 24 19 28 27
38x42: 27 29 24 23 39 26
47x48: 48 36 42 37 43 33
45x48: 44 28 41 36 42 48
39x47: 50 53 50 47 42 41
49x42: 39 44 33 34 32 41
46x49: 45 40 32 41 43 38
41x47: 46 53 56 48 43 51
46x35: 46 47 48 46 31 32
39x42: 33 25 27 32 34 30
39x38: 22 31 21 23 30 29
40x48: 45 49 49 54 63 37
50x41: 43 57 59 45 54 56
36x35: 19 21 22 18 29 23
43x44: 25 31 33 37 38 31
44x41: 50 43 41 38 49 54
45x44: 34 34 38 26 39 39
43x47: 59 55 53 46 49 48
42x40: 43 37 21 32 21 27
37x41: 17 15 38 30 36 20
38x49: 34 33 33 30 28 33
48x37: 33 24 28 38 32 37
47x38: 46 40 46 45 45 52
47x37: 24 37 37 33 28 20
45x48: 47 34 42 42 37 38
39x50: 49 59 46 55 35 59
40x40: 25 28 28 39 27 21
50x46: 36 39 43 41 44 37
35x50: 39 34 24 20 30 28
46x36: 41 41 37 29 50 53
43x45: 33 37 28 37 36 38
46x50: 66 47 53 71 62 57
37x47: 28 33 35 25 41 18
40x36: 31 35 49 32 32 41
36x46: 31 33 41 26 22 27
41x35: 38 35 36 44 32 38
35x40: 20 29 28 22 25 19
35x41: 20 25 27 19 20 32
35x47: 43 52 39 50 28 45
45x50: 70 41 60 47 68 55
39x39: 28 25 33 27 26 29
40x40: 29 45 44 41 43 45
50x50: 44 43 50 37 46 36
38x36: 45 42 36 22 39 24
42x38: 23 25 26 32 31 30
47x36: 36 26 20 31 42 24
39x43: 23 22 34 32 38 33
48x42: 35 34 35 36 42 42
48x50: 67 65 55 62 69 52
35x49: 42 45 44 43 43 47
49x42: 43 40 35 34 38 33
47x49: 54 49 59 62 65 65
49x38: 39 55 59 48 31 56
42x35: 21 29 26 20 28 29
39x43: 35 43 44 52 39 48
43x35: 50 39 28 36 36 42
39x47: 37 35 31 30 37 25
50x36: 43 38 44 46 52 53
47x39: 49 57 53 52 39 35
45x41: 49 51 43 41 48 51
37x39: 18 29 25 26 24 33
40x50: 53 56 55 52 53 40
49x49: 44 41 33 47 47 44
44x38: 27 27 25 25 29 35
44x50: 47 69 55 58 50 62
45x38: 28 34 26 28 33 30
50x44: 35 45 39 31 42 32
41x47: 51 60 47 63 49 32
42x40: 46 43 37 34 45 51
36x45: 26 30 26 21 41 36
47x50: 38 40 48 43 31 39
35x46: 42 46 40 39 40 41
40x45: 29 29 28 36 36 36
36x36: 24 30 23 19 22 26
36x47: 43 42 32 53 42 51
47x43: 45 51 50 55 66 45
39x39: 23 25 21 28 33 39
41x37: 26 30 21 22 27 29
48x44: 36 32 35 43 28 49
46x39: 43 49 40 47 56 42
43x50: 26 35 51 47 29 35
46x44: 54 56 37 54 59 53
45x48: 57 59 57 58 49 54
48x39: 34 32 35 28 32 46
37x36: 35 43 26 39 35 30
40x45: 34 35 33 35 31 27
50x36: 44 53 45 49 41 47
46x46: 41 38 39 28 36 43
38x45: 25 40 21 27 43 23
49x44: 56 49 57 66 54 52
39x41: 42 33 47 48 43 34
50x49: 40 53 41 41 39 41
40x48: 33 41 37 37 32 28
47x38: 47 43 46 40 53 44
47x40: 30 39 28 26 32 40
45x35: 28 27 30 22 29 29
49x36: 27 28 33 31 35 38
49x39: 34 39 36 27 34 38
46x41: 28 32 28 41 29 37
36x38: 24 25 20 21 27 27
41x45: 56 41 51 36 46 50
38x41: 21 25 32 29 26 22
46x48: 31 32 53 43 44 36
48x44: 36 33 28 47 42 37
48x46: 64 49 45 54 68 58
40x46: 41 55 45 49 45 50
36x46: 24 34 26 40 30 25
40x47: 44 44 48 62 51 44
39x35: 36 34 45 31 37 26
38x49: 40 53 44 49 60 42
43x38: 35 37 49 45 42 44
49x37: 37 24 31 36 28 35
47x48: 54 68 59 51 61 54
45x44: 57 44 46 47 52 57
50x35: 25 30 32 38 28 22
37x50: 45 52 41 46 46 55
50x35: 24 37 25 37 23 29
46x43: 34 44 17 41 39 34
42x45: 42 52 46 64 44 48
35x46: 32 22 25 27 29 29
41x35: 16 21 36 23 25 22
47x46: 39 33 39 47 33 33
38x38: 43 31 41 45 32 32
37x49: 45 36 44 44 53 55
41x40: 22 32 24 26 33 31
44x37: 23 27 36 23 31 27
49x48: 49 45 44 39 47 32
35x36: 24 27 23 19 20 18
45x35: 38 42 42 41 42 38
49x43: 46 60 50 57 50 63
36x47: 26 27 32 33 27 35
42x44: 32 21 35 34 38 36
42x43: 36 26 26 42 31 35
39x35: 32 35 39 38 32 35
45x38: 28 29 30 34 29 30
42x44: 36 40 44 53 70 42
42x36: 24 27 28 27 28 33
50x43: 42 42 33 25 45 37
35x40: 24 22 23 20 27 27
38x39: 49 36 29 38 29 47
40x35: 25 23 21 23 29 21
46x39: 29 35 37 30 36 28
47x35: 20 32 26 25 28 33
36x44: 35 42 39 40 49 39
49x39: 61 36 58 51 38 49
48x46: 38 41 49 40 36 36
44x38: 40 50 39 48 37 46
35x43: 30 27 42 38 38 55
35x47: 41 50 43 44 45 32
43x39: 31 39 30 24 35 23
38x42: 19 40 26 24 28 30
43x42: 53 47 52 38 33 53
35x38: 23 28 16 25 12 28
50x40: 37 32 35 35 42 26
40x46: 30 28 34 39 26 37
41x41: 34 46 56 39 33 50
45x40: 35 31 26 35 27 40
47x48: 32 44 39 40 48 37
43x48: 40 37 31 35 37 43
42x37: 37 48 33 35 48 38
44x39: 37 35 28 28 28 26
46x49: 70 53 60 63 55 47
37x35: 17 19 25 23 27 21
49x41: 50 53 39 50 62 55
35x42: 31 39 36 35 44 41
47x49: 62 49 67 65 49 63
45x48: 57 56 62 53 55 49
49x38: 38 47 51 53 63 36
43x37: 28 25 34 33 29 19
49x50: 39 38 37 44 48 50
35x35: 25 23 18 16 24 15
48x35: 30 31 30 31 23 30
41x38: 41 46 39 51 31 36
41x36: 33 25 22 30 20 25
41x50: 58 59 50 50 42 57
45x40: 33 33 29 27 40 32
36x46: 43 52 41 48 42 32
37x39: 31 31 25 23 23 22
42x43: 36 31 29 32 27 40
44x37: 48 45 45 38 40 34
45x48: 55 51 54 56 58 58
46x43: 58 55 40 46 62 43
38x49: 42 47 47 49 50 52
48x49: 51 47 41 37 37 43
48x37: 33 30 30 32 40 26
44x45: 52 56 49 45 54 48
42x40: 40 46 32 43 41 57
37x35: 30 36 37 30 29 37
43x35: 24 21 30 29 25 24
39x44: 48 49 40 41 44 42
35x37: 24 20 18 30 18 22
39x49: 39 35 39 35 30 29
47x47: 51 66 49 51 59 64
37x38: 35 36 35 41 38 33
39x36: 31 41 36 36 37 36
39x39: 27 22 32 32 28 28
35x35: 20 26 13 21 24 16
46x37: 31 31 37 28 22 30
37x43: 39 39 39 42 39 47
35x40: 21 23 16 21 35 26
47x41: 28 30 25 37 44 30
49x35: 46 37 51 51 31 49
47x37: 35 50 40 53 46 47
50x36: 26 36 39 26 34 30
46x47: 30 38 35 44 39 39
45x48: 43 39 35 39 49 35
41x38: 35 45 40 44 38 40
49x40: 49 43 46 51 59 53
41x40: 27 29 31 34 21 27
50x45: 63 46 60 52 64 58
36x49: 42 46 52 46 42 44
50x46: 44 42 39 31 40 43
48x48: 40 43 45 43 39 45
44x40: 48 46 37 48 44 49
49x38: 56 44 50 54 34 50
35x36: 24 22 20 19 22 25
41x38: 40 49 34 39 38 41
47x49: 43 47 44 31 41 34
41x35: 31 27 20 18 18 29
50x49: 48 39 39 49 41 40
46x39: 27 33 41 27 29 38
47x46: 58 49 52 55 62 56
38x40: 23 26 28 30 24 24
36x44: 44 37 40 39 41 42
39x47: 35 36 35 27 31 30
49x50: 39 41 47 54 40 34
41x39: 22 41 30 23 33 20
46x41: 57 53 38 48 38 57
44x42: 49 47 58 38 39 51
49x36: 43 45 48 40 48 46
43x43: 41 57 44 54 45 47
36x42: 28 32 27 30 23 28
43x48: 42 34 31 29 47 41
37x43: 19 48 19 31 19 31
37x49: 35 47 53 46 52 46
44x50: 29 36 54 36 34 34
50x47: 40 52 38 47 36 27
35x41: 33 34 37 52 36 33
49x45: 37 44 58 28 40 32
40x49: 50 56 49 55 50 44
45x43: 44 49 49 46 55 54
35x49: 29 40 23 24 29 31
36x36: 25 22 28 15 26 27
43x43: 43 53 47 45 55 42
40x46: 45 47 48 50 58 36
37x38: 35 39 39 43 31 32
47x39: 26 33 30 42 33 30
39x38: 41 38 36 40 41 33
43x35: 27 18 28 27 28 25
40x47: 30 28 35 36 33 33
40x48: 34 42 35 26 37 34
35x39: 31 21 26 17 20 27
42x39: 29 27 34 33 33 26
40x39: 33 42 48 28 49 37
43x45: 57 45 52 49 46 48
50x49: 66 57 63 65 62 64
49x40: 31 30 31 37 40 38
50x44: 32 34 48 44 29 37
48x36: 35 33 33 25 38 28
48x49: 69 63 58 55 61 55
43x43: 32 28 38 32 38 27
41x35: 22 20 29 22 30 20
45x42: 41 29 38 34 29 38
43x46: 39 30 41 32 25 43
45x38: 28 36 25 33 22 35
37x44: 50 52 31 30 42 44
48x35: 21 34 18 34 35 33
44x37: 22 22 32 32 37 23
50x46: 60 58 59 56 59 61
40x40: 35 28 24 27 22 32
39x48: 40 51 58 46 49 44
44x46: 38 35 31 38 39 29
42x36: 36 33 46 39 44 34
41x38: 34 25 21 29 18 29
39x42: 30 17 36 25 41 33
38x50: 44 53 42 51 44 60
46x38: 25 31 31 36 32 24
38x38: 28 43 41 39 37 36
50x44: 31 40 34 41 34 44
35x39: 26 31 16 17 18 35
50x49: 45 45 30 44 47 45
35x38: 21 20 23 22 23 23
49x45: 53 55 64 52 49 65
42x40: 40 42 35 44 51 47
45x46: 58 54 67 40 50 46
42x41: 42 40 43 46 51 43
36x43: 39 41 35 44 39 42
46x36: 26 32 36 20 38 27
36x47: 35 45 34 51 52 46
49x47: 37 49 33 29 48 43
39x41: 38 52 35 34 49 38
40x46: 32 22 33 34 43 30
44x49: 55 46 55 60 58 58
38x46: 36 31 32 29 25 27
42x44: 50 56 46 38 56 37
35x38: 37 32 19 49 34 38
45x37: 30 30 36 35 19 30
43x48: 30 43 29 41 39 42
44x36: 40 38 38 42 48 38
49x40: 35 31 33 32 34 42
46x43: 58 51 49 52 56 39
37x39: 25 27 16 33 24 30
35x44: 25 29 20 24 30 25
40x38: 23 23 27 25 31 27
44x42: 50 43 46 55 52 40
36x44: 29 31 21 36 25 25
39x35: 40 36 36 34 30 34
50x50: 68 66 66 57 72 54
38x37: 49 37 37 37 30 27
47x48: 37 47 39 52 38 26
45x45: 38 43 41 39 31 32
38x38: 24 25 25 21 17 31
42x44: 32 42 28 31 29 33
38x38: 28 50 35 33 29 48
36x47: 52 44 46 44 41 34
46x48: 44 33 40 35 48 39
40x41: 25 26 30 30 24 33
38x41: 31 39 53 41 32 44
43x39: 43 47 51 44 32 42
50x42: 45 33 32 33 45 36
38x44: 24 33 26 27 30 27
41x50: 57 49 52 49 51 56
38x44: 29 25 32 23 22 36
40x43: 29 29 42 28 27 26
47x43: 29 27 37 41 30 45
35x46: 28 24 23 30 23 37
45x36: 30 32 37 29 31 21
48x39: 39 25 42 37 42 23
41x39: 40 37 41 52 41 38
50x35: 46 41 45 45 53 39
45x44: 39 43 37 22 31 37
45x44: 40 34 30 36 38 32
43x36: 20 31 23 26 27 41
44x48: 46 30 35 34 31 48
45x42: 49 43 40 48 53 57
46x46: 61 57 41 54 54 59
40x44: 46 42 47 47 43 46
48x43: 64 53 59 61 47 36
38x38: 22 21 29 27 23 22
49x46: 47 50 37 37 28 40
36x42: 28 35 27 27 26 25
43x39: 39 48 42 40 53 36
35x44: 29 31 25 26 11 31
38x35: 32 37 38 30 31 36
37x40: 25 26 23 28 29 25
43x48: 60 51 61 58 44 45
46x46: 33 35 32 39 38 47
37x38: 27 22 29 26 21 18
42x50: 48 60 68 35 55 53
36x50: 50 38 56 43 40 48
47x43: 51 50 47 49 45 68
35x41: 12 23 31 24 25 27
35x39: 28 29 39 33 41 39
44x43: 37 34 34 39 22 30
40x43: 30 32 24 32 23 41
47x36: 45 41 43 39 51 40
47x39: 37 57 43 38 56 50
45x45: 50 45 63 53 48 52
39x45: 42 37 34 21 32 29
45x50: 27 45 41 41 44 41
38x41: 45 42 34 46 37 38
43x44: 45 55 43 55 55 41
46x38: 37 38 50 41 51 50
44x46: 37 46 34 28 37 28
41x35: 34 21 20 22 22 23
45x38: 37 30 29 34 22 28
39x45: 52 38 53 48 41 38
50x45: 39 37 32 52 31 48
36x39: 29 18 25 27 35 21
47x48: 35 48 56 24 38 39
38x50: 55 53 51 38 53 40
45x43: 46 47 59 51 50 45
45x49: 65 55 56 56 57 50
36x36: 31 38 35 36 32 29
42x39: 35 30 34 22 32 29
44x43: 38 57 63 36 47 48
46x49: 40 41 48 39 34 38
39x35: 37 34 28 34 44 33
42x36: 25 25 24 36 26 32
40x40: 32 32 19 26 29 31
35x43: 43 38 29 39 32 51
45x46: 64 56 43 52 51 53
46x38: 34 36 21 30 27 31
40x46: 43 26 35 25 34 32
39x44: 27 30 31 27 32 34
37x50: 30 31 33 35 37 26
37x36: 31 21 31 20 21 20
40x45: 47 46 56 45 43 40
49x36: 40 47 53 46 42 44
38x48: 42 48 51 46 39 55
35x50: 32 30 38 21 28 27
35x41: 24 28 20 22 23 26
48x42: 33 42 38 24 49 38
40x45: 51 44 33 43 53 52
49x48: 41 36 46 59 37 36
37x44: 46 37 45 42 42 38
37x39: 25 24 32 30 22 22
48x40: 33 34 43 33 32 32
44x35: 22 27 30 27 27 20
40x45: 52 40 36 41 64 42
40x43: 45 42 48 46 39 45
47x39: 42 53 50 60 45 37
46x43: 58 52 49 41 52 50
44x48: 35 49 28 39 36 37
37x45: 38 20 34 26 38 23
42x45: 46 40 47 59 41 60
47x41: 26 32 25 31 42 38
47x36: 49 48 34 39 51 39
36x36: 29 35 25 44 35 35
40x42: 32 28 39 30 26 27
49x50: 53 68 62 70 57 70
47x44: 39 39 31 37 32 32
48x50: 50 34 45 44 45 37
45x47: 59 50 55 43 60 55
36x49: 50 41 49 42 42 46
40x44: 31 33 28 39 24 26
48x45: 68 62 52 43 55 50
39x37: 37 30 40 36 34 44
38x36: 23 27 21 24 21 28
37x46: 31 27 27 32 29 34
38x44: 27 20 29 31 22 38
45x40: 47 51 47 53 39 43
35x44: 29 28 30 16 27 23
47x44: 48 54 58 51 48 59
42x38: 47 36 37 41 45 39
37x36: 29 24 20 25 19 27
47x41: 40 21 41 33 27 32
43x37: 30 26 23 23 33 32
44x48: 45 37 37 36 40 29
41x37: 42 35 46 32 40 36
38x47: 30 30 35 30 28 27
46x43: 48 57 52 59 48 44
41x42: 36 47 39 39 48 55
41x48: 36 29 31 36 39 36
43x49: 46 57 45 55 62 60
49x44: 35 36 33 39 41 39
48x44: 36 36 36 51 30 34
38x37: 43 34 38 42 24 37
45x36: 35 25 30 21 36 32
37x44: 39 39 46 47 41 40
41x36: 21 36 27 24 27 21
50x46: 54 59 56 58 66 61
37x48: 39 29 35 24 28 36
35x44: 26 25 24 26 28 25
35x44: 38 33 34 52 40 43
49x35: 28 35 27 34 27 25
40x50: 51 44 45 48 56 62
40x47: 23 41 37 27 35 31
36x47: 26 28 36 29 25 36
37x42: 45 37 29 40 44 44
47x40: 43 58 55 42 48 43
38x37: 25 25 28 17 19 29
37x45: 46 44 45 33 44 42
49x43: 34 31 36 43 32 47
47x38: 28 34 35 26 26 31
43x49: 55 57 56 51 57 48
41x35: 19 23 29 22 28 21
45x44: 50 45 57 47 56 48
46x49: 43 44 38 36 46 33
36x45: 24 28 42 32 24 30
35x35: 23 31 36 33 27 39
37x48: 25 34 33 33 35 32
42x35: 35 35 59 34 36 26
39x44: 25 31 25 34 24 42
44x41: 44 44 39 48 56 47
43x41: 46 39 50 53 44 41
39x41: 52 34 42 36 46 34
38x44: 33 40 52 42 40 50
43x45: 42 36 35 27 35 35
37x39: 38 42 34 27 44 35
36x50: 65 38 43 39 45 44
46x41: 32 30 32 40 29 31
43x43: 44 60 46 49 50 38
40x37: 40 24 45 48 45 27
36x39: 30 44 39 48 29 31
35x35: 37 30 25 37 31 30
40x41: 21 30 24 35 34 25
50x44: 63 64 53 46 49 62
50x50: 42 47 45 48 40 34
44x49: 40 33 38 33 43 36
48x48: 75 61 50 66 65 40
41x48: 42 35 42 32 32 24
44x40: 47 49 38 47 44 47
50x42: 46 57 57 61 47 58
38x49: 59 46 56 56 36 36
43x36: 21 27 27 30 34 28
39x49: 43 33 29 33 33 37
36x45: 50 40 39 40 35 45
47x49: 44 36 46 38 42 34
45x44: 42 61 56 49 49 49
36x39: 27 20 25 22 28 34
45x38: 46 38 37 45 43 54
37x48: 33 28 40 32 34 25
41x46: 52 45 44 52 48 50
41x37: 31 22 30 22 32 18
39x37: 20 23 26 24 28 35
35x44: 21 28 27 23 25 29
42x45: 46 44 26 23 38 32
49x36: 35 25 29 29 36 37
37x43: 31 27 23 24 32 30
38x48: 53 53 48 48 41 39
47x39: 35 22 33 31 35 38
35x45: 26 31 27 29 25 26
42x50: 33 40 39 41 35 36
48x40: 45 32 30 34 37 29
38x38: 32 32 43 34 50 30
50x44: 49 52 62 46 58 68
48x39: 50 42 54 40 49 50
46x50: 44 43 37 38 40 38
44x44: 26 29 38 34 33 35
41x42: 38 47 38 45 46 52
49x41: 58 52 45 60 55 42
37x39: 32 42 39 37 41 32
49x36: 30 23 28 35 34 41
39x39: 32 26 26 30 27 28
39x43: 32 31 40 24 25 29
44x48: 49 54 47 64 51 63
41x44: 34 23 35 32 26 31
35x45: 52 38 32 46 35 41
39x49: 45 46 50 49 48 56
44x37: 22 26 37 31 23 28
46x37: 25 30 31 28 32 33
38x49: 40 35 35 26 29 26
35x47: 38 50 48 47 35 38
40x35: 18 28 22 22 31 22
40x49: 33 31 38 31 42 32
49x49: 62 53 65 57 54 76
38x38: 23 12 26 36 20 27
50x41: 54 53 52 54 51 52
43x36: 42 33 34 52 46 34
37x43: 43 35 45 36 42 42
46x47: 30 48 35 39 33 39
43x46: 30 36 37 39 28 39
49x46: 36 36 40 43 45 39
43x50: 55 55 61 51 56 52
47x43: 36 32 38 26 30 47
36x44: 27 26 29 34 26 25
48x41: 39 31 38 26 27 46
43x44: 47 46 46 52 51 50
43x45: 30 37 44 38 33 27
42x44: 55 48 46 48 45 43
47x49: 37 38 45 39 36 44
48x37: 31 34 28 27 27 44
36x38: 27 19 27 29 22 19
50x43: 44 45 30 34 32 39
38x47: 49 44 39 54 47 44
39x43: 44 38 39 37 45 53
37x46: 32 27 33 26 37 24
45x47: 59 58 50 54 58 47
43x47: 55 46 51 61 49 51
44x50: 61 56 63 47 45 64
42x40: 29 24 33 29 35 31
43x40: 46 33 41 46 48 50
37x41: 42 35 41 32 53 28
50x46: 58 55 65 50 59 64
48x40: 40 35 34 44 28 26
39x40: 43 43 39 34 41 39
47x38: 48 40 47 49 45 46
49x36: 44 46 44 42 46 49
39x37: 26 24 27 23 23 32
43x49: 56 49 55 66 52 49
39x43: 34 27 28 33 25 35
47x47: 57 63 60 50 50 59
44x39: 45 46 51 52 38 35
39x47: 47 35 32 29 30 21
35x47: 43 43 42 41 43 41
37x41: 29 20 30 27 22 27
41x44: 33 47 47 50 63 39
41x35: 25 24 26 19 26 23
43x46: 41 47 28 29 31 34
35x40: 34 36 41 37 40 28
47x36: 37 47 38 53 45 44
35x39: 32 30 35 33 36 43
37x41: 27 25 28 24 23 29
38x48: 47 45 37 48 58 46
37x45: 22 26 33 28 36 34
47x40: 52 53 44 51 44 47
41x40: 39 45 37 45 46 42
39x43: 48 42 36 46 36 51
46x43: 54 48 45 47 53 56
40x48: 42 42 51 58 61 43
35x44: 24 33 24 24 24 25
43x46: 49 51 49 42 65 46
38x36: 18 20 27 35 20 23
45x36: 40 63 35 43 32 40
35x48: 40 49 46 48 45 33
42x46: 30 39 31 32 36 42
37x41: 42 40 34 33 35 48
46x37: 30 30 32 22 35 31
48x43: 48 26 33 38 36 42
45x50: 40 43 49 33 36 39
40x48: 62 59 46 49 36 45
38x36: 26 18 21 23 23 33
43x39: 28 36 33 28 28 29
49x50: 40 40 46 41 43 46
47x43: 54 46 46 43 53 66
46x37: 27 31 30 31 33 27
44x36: 42 42 49 36 38 36
38x40: 20 22 20 24 32 37
44x37: 18 34 26 33 35 22
47x48: 39 41 39 43 40 37
48x41: 57 57 40 44 61 43
40x44: 46 45 37 48 50 46
44x47: 59 37 43 70 51 61
46x47: 41 31 41 38 37 36
47x45: 39 44 35 35 43 28
48x44: 28 41 45 41 42 27
47x48: 55 61 55 73 62 46
41x45: 31 35 45 25 32 27
35x43: 36 43 33 30 47 41
49x46: 54 53 66 71 62 44
43x50: 60 55 53 51 58 53
44x40: 36 27 32 28 29 30
47x45: 30 37 41 35 32 50
46x40: 35 36 25 36 31 31
43x44: 42 59 40 59 50 46
50x41: 50 51 57 41 48 65
43x37: 39 37 42 42 39 46
42x36: 47 27 38 56 36 32
42x37: 31 26 32 26 22 30
49x38: 50 48 44 49 45 51
37x44: 22 29 30 28 29 30
38x38: 33 41 38 33 41 36
41x39: 26 34 24 27 23 34
41x38: 20 25 31 27 29 24
42x40: 29 34 24 36 36 22
40x49: 45 33 60 38 64 56
45x40: 50 49 33 54 44 50
46x40: 37 30 50 21 31 25
48x49: 38 45 35 49 46 42
39x40: 42 54 31 50 38 30
38x45: 41 42 45 37 45 51
45x45: 48 48 51 58 59 49
46x43: 44 47 24 28 32 34
48x42: 35 38 40 41 24 46
46x41: 34 41 33 25 26 36
42x38: 22 41 20 29 26 29
48x36: 30 35 37 24 41 25
40x42: 44 37 47 44 45 41
41x50: 49 57 58 51 52 49
36x35: 18 21 20 24 19 30
49x36: 50 42 48 44 31 56
43x43: 43 41 58 55 45 44
40x43: 47 48 44 42 51 33
45x37: 45 43 49 52 34 36
44x36: 26 25 28 37 22 29
37x41: 27 20 29 29 23 28
35x41: 40 35 28 38 38 42
49x50: 34 49 55 44 35 39
50x44: 63 54 56 58 57 51
47x42: 27 28 38 41 39 37
50x36: 32 34 34 30 27 34
38x38: 25 17 20 24 29 29
44x40: 46 42 46 40 48 47
40x35: 40 33 33 31 37 40
40x35: 15 37 15 22 26 28
44x35: 33 42 39 34 51 37
49x46: 46 48 32 38 39 37
50x49: 47 28 45 48 49 39
38x50: 43 49 59 40 50 49
42x40: 21 33 35 31 33 28
49x50: 69 63 68 58 66 52
36x36: 39 22 46 26 37 26
41x49: 39 30 31 42 39 27
42x40: 19 21 38 30 35 39
41x40: 23 29 34 29 32 22
41x41: 37 26 27 27 30 22
44x40: 34 23 20 31 40 34
40x45: 54 40 44 45 44 49
43x46: 29 34 45 25 49 27
41x42: 40 30 20 33 26 32
41x42: 33 28 32 35 25 28
38x48: 36 30 35 27 31 33
41x49: 24 30 37 40 32 45
50x38: 48 46 57 51 46 45
48x37: 45 47 41 47 50 44
45x37: 26 33 21 27 38 35
45x45: 38 34 41 32 46 33
36x50: 34 31 40 25 32 30
37x47: 53 55 44 37 44 34
43x39: 27 35 28 33 21 37
45x41: 49 50 50 53 42 42
48x41: 46 41 62 45 52 54
35x39: 25 19 29 31 21 17
39x50: 59 43 44 45 50 57
47x37: 19 32 41 26 32 30
49x38: 27 35 33 32 32 32
48x44: 30 38 36 36 40 43
39x45: 34 33 30 29 29 39
35x39: 34 40 33 42 37 27
41x50: 59 54 50 53 46 54
49x38: 39 30 31 29 34 28
38x48: 49 37 53 45 45 50
39x42: 39 39 45 36 48 43
39x44: 47 40 41 45 53 38
46x45: 23 52 39 44 24 43
47x49: 40 36 46 42 42 33
42x50: 28 34 35 42 45 40
36x43: 20 27 36 30 25 29
47x47: 48 53 51 65 57 68
50x42: 38 37 42 29 40 37
49x39: 33 38 41 38 23 35
49x41: 33 48 33 36 30 27
49x50: 59 67 55 67 71 60
37x47: 28 32 32 24 40 24
44x36: 27 43 43 46 46 41
41x43: 30 21 34 28 38 31
48x38: 25 40 26 40 34 26
47x38: 41 28 28 24 20 38
41x49: 67 44 49 47 44 56
49x50: 35 44 45 42 44 46
40x45: 33 42 36 27 33 24
38x49: 43 56 44 48 47 50
46x40: 57 49 43 49 49 37
43x47: 41 40 31 23 42 32
46x39: 42 32 33 31 27 29
37x35: 15 19 25 20 25 27
40x47: 36 25 30 35 37 31
45x43: 38 28 42 30 44 28
46x37: 40 31 26 30 26 27
40x47: 42 33 37 32 27 23
47x41: 37 27 40 35 27 29
43x48: 30 34 37 39 47 37
42x35: 27 24 28 23 27 24
43x43: 35 27 29 32 39 34
41x37: 39 41 41 42 40 32
35x46: 25 32 31 24 26 27
39x45: 31 21 32 28 40 43
50x46: 71 47 67 61 61 46
37x46: 38 30 32 27 25 28
37x39: 38 20 28 25 23 22
41x36: 31 22 27 28 21 27
42x48: 49 36 41 33 33 32
36x48: 59 41 37 53 41 37
37x45: 39 33 25 23 31 29
40x49: 44 70 45 44 51 49
44x46: 34 26 34 42 31 43
36x44: 35 31 30 20 24 27
37x49: 59 48 40 59 42 35
39x47: 54 44 56 34 40 50
39x49: 31 35 28 36 35 42
41x40: 39 50 32 33 55 42
42x46: 46 54 45 52 61 41
36x45: 36 30 37 32 19 26
42x44: 32 30 34 35 38 26
49x47: 35 53 38 46 38 30
49x40: 38 33 33 36 37 30
35x35: 32 40 20 32 40 26
50x45: 64 53 64 66 56 45
49x43: 58 69 41 56 47 56
43x50: 37 30 41 36 40 39
41x36: 40 33 33 36 46 38
49x36: 44 41 53 34 52 44
46x46: 47 50 58 64 62 47
42x42: 36 49 50 45 59 33
36x47: 37 46 44 44 43 47
46x45: 38 40 39 30 45 32
47x41: 35 33 26 40 26 34
37x39: 21 29 28 27 21 30
43x38: 32 30 24 24 31 26
47x41: 40 42 56 58 55 47
38x50: 61 59 41 55 45 35
38x46: 59 51 37 45 42 36
45x45: 37 47 57 59 55 58
47x35: 43 38 34 53 49 39
40x44: 28 26 29 34 34 30
46x38: 47 53 32 43 44 51
46x49: 60 53 66 49 59 57
37x47: 28 36 31 36 25 23
36x40: 33 26 28 21 16 31
46x46: 34 44 38 41 38 30
44x37: 34 35 26 27 23 22
45x44: 49 46 47 54 58 51
38x47: 34 31 29 24 36 26
40x47: 40 45 28 23 38 21
40x41: 29 37 26 20 32 25
42x37: 27 31 14 34 31 31
37x42: 29 34 20 30 29 26
41x35: 38 34 36 49 31 36
49x38: 49 44 56 47 35 55
48x42: 34 45 36 44 31 34
47x37: 24 31 22 34 32 37
48x50: 65 68 64 63 51 60
41x39: 27 28 22 29 39 24
38x50: 32 34 22 33 38 32
48x44: 40 31 30 46 50 26
43x48: 38 24 42 39 47 34
39x46: 32 35 33 34 35 25
45x39: 47 41 40 42 59 40
40x35: 18 20 30 25 27 22
42x35: 22 26 20 33 29 23
36x37: 28 34 40 26 38 37
49x35: 31 28 21 38 25 33
37x46: 21 36 25 37 26 35
43x45: 39 34 24 35 45 32
35x46: 45 27 38 42 48 46
50x42: 52 53 61 60 51 48
39x49: 46 62 38 48 53 49
38x41: 41 36 41 52 43 30
35x37: 26 33 32 35 33 41
43x37: 19 25 33 33 23 35
40x35: 43 38 35 36 38 26
48x50: 34 34 47 50 37 53
44x50: 55 58 59 50 56 59
50x35: 31 32 33 24 22 33
49x35: 28 37 24 37 18 31
50x38: 54 40 47 44 50 55
38x35: 18 25 23 24 21 20
39x36: 29 25 23 30 25 24
46x39: 28 43 36 42 23 22
39x48: 47 48 41 58 48 49
37x36: 21 19 23 19 44 18
38x40: 40 38 38 42 42 35
50x46: 55 70 60 60 58 53
40x50: 35 32 30 41 37 32
36x48: 34 34 38 35 19 32
39x39: 25 37 30 25 21 30
40x35: 37 39 35 32 32 40
39x38: 28 22 21 23 23 38
48x46: 58 61 51 51 58 60
44x41: 38 42 39 52 58 50
38x38: 42 54 32 37 34 26
36x39: 43 32 38 23 34 42
45x41: 47 52 48 37 53 45
39x45: 47 51 43 37 42 49
50x43: 43 44 36 37 28 35
37x35: 25 17 22 18 31 18
41x45: 35 31 37 36 35 20
42x35: 37 36 39 37 39 38
50x36: 49 48 44 52 42 44
49x35: 53 45 52 40 38 35
46x35: 26 24 27 31 33 23
35x48: 30 26 29 35 22 33
36x50: 40 31 32 27 23 39
36x37: 36 27 36 37 30 39
36x47: 36 44 37 55 48 44
36x40: 33 34 24 20 14 30
41x42: 46 43 46 41 42 46
44x42: 51 50 46 48 44 46
