38 11 29
38 31 17
43 14 27
48 29 15
29 18 18
32 12 33
32 15 34
50 12 16
50 6 16
49 5 16
37 22 33
42 21 23
29 2 29
2 24 30
7 12 27
22 9 34
2 12 26
45 25 24
3 9 24
26 24 23
24 9 24
4 32 28
35 18 23
27 18 30
49 32 31
2 24 28
8 14 28
29 27 28
7 29 29
49 7 34
26 9 35
21 3 33
30 3 28
25 13 15
3 20 21
39 5 35
24 25 16
5 22 35
14 26 21
16 31 26
45 33 26
44 24 16
45 34 18
23 6 24
21 35 17
15 17 35
12 33 17
11 4 34
45 31 16
46 12 25
7 32 20
4 21 25
22 3 21
45 16 21
40 33 29
35 17 28
3 11 26
0 20 20
42 3 33
14 11 35
24 34 34
39 22 28
23 17 20
29 14 35
24 0 19
12 2 16
39 12 26
36 20 24
44 16 34
3 9 35
29 8 35
10 0 16
49 16 22
41 6 20
32 34 24
12 7 23
16 23 25
28 30 19
29 8 24
46 2 31
17 6 35
33 1 19
13 9 32
4 17 29
45 26 30
17 34 21
37 30 18
46 14 26
29 28 25
7 2 29
46 9 23
21 29 32
49 14 21
22 11 19
0 1 16
27 29 18
41 18 20
38 4 24
38 18 35
16 29 22

0 33 5
0 54 6
0 64 9
0 84 9
0 90 6
1 16 6
1 38 7
2 24 6
2 40 9
2 44 7
2 61 6
2 83 5
3 4 5
3 16 6
3 18 7
3 19 7
3 40 8
3 96 7
4 3 5
4 17 5
4 18 8
4 19 6
4 96 6
5 9 6
5 21 5
5 34 5
5 46 7
5 55 9
5 69 7
6 9 8
6 11 5
6 18 6
6 47 8
6 72 7
7 13 8
7 14 5
7 30 8
7 32 5
7 43 7
7 50 7
7 68 8
8 36 9
8 57 6
8 87 6
9 5 6
9 6 8
9 11 7
9 34 5
9 46 5
9 47 8
9 49 9
9 51 6
10 14 7
10 60 7
10 68 8
10 71 9
10 99 8
11 6 5
11 9 7
11 18 7
11 24 7
11 34 8
11 47 7
12 23 9
12 25 6
12 31 7
12 58 7
12 67 8
12 77 9
13 7 8
13 30 6
13 32 7
13 50 5
13 58 8
13 71 9
13 77 6
14 7 5
14 10 7
14 68 7
14 71 6
15 60 8
15 79 6
15 99 5
16 1 6
16 3 6
16 19 5
16 38 9
17 4 5
17 18 9
17 72 6
17 96 5
18 3 7
18 4 8
18 6 6
18 11 7
18 17 9
18 72 9
18 83 5
19 3 7
19 4 6
19 16 5
19 96 8
19 97 9
20 45 9
20 57 7
20 59 8
20 66 6
20 86 5
20 89 9
21 5 5
21 34 8
21 55 8
21 60 7
21 69 6
21 71 7
21 79 9
22 28 7
22 40 7
22 44 9
22 73 5
22 78 5
23 12 9
23 25 7
23 26 7
23 31 6
23 58 8
23 92 8
23 94 5
24 2 6
24 11 7
24 27 9
24 49 7
24 83 9
24 91 8
25 12 6
25 23 7
25 42 5
25 45 9
25 65 8
25 94 8
25 95 5
26 23 7
26 31 9
26 74 9
26 92 5
26 94 6
27 24 9
27 49 8
27 50 9
27 76 7
27 85 5
27 91 7
28 22 7
28 52 5
28 63 7
28 73 8
28 82 8
29 31 9
29 98 9
30 7 8
30 13 6
30 31 8
30 32 5
30 58 6
30 70 7
30 77 8
30 98 8
31 12 7
31 23 6
31 26 9
31 29 9
31 30 8
31 58 6
31 70 7
32 7 5
32 13 7
32 30 5
32 43 6
32 70 6
32 98 7
33 0 5
33 54 9
33 57 9
33 66 8
33 80 7
33 86 9
33 90 5
34 5 5
34 9 5
34 11 8
34 21 8
34 46 6
34 49 6
34 69 8
34 85 9
35 36 9
35 81 7
35 92 6
36 8 9
36 35 9
36 42 9
36 65 6
36 81 6
36 87 7
37 39 9
37 48 5
37 78 9
37 88 6
38 1 7
38 16 9
38 40 7
38 73 9
38 78 5
39 37 9
39 41 5
39 48 6
39 88 5
40 2 9
40 3 8
40 22 7
40 38 7
40 61 5
40 73 6
40 83 8
41 39 5
41 48 9
41 52 6
41 84 8
41 88 6
42 25 5
42 36 9
42 65 5
42 87 6
42 94 5
42 95 6
43 7 7
43 32 6
43 68 5
43 98 5
44 2 7
44 22 9
44 63 5
44 91 5
45 20 9
45 25 9
45 59 9
45 67 9
45 93 5
45 95 6
46 5 7
46 9 5
46 34 6
46 47 7
46 51 5
47 6 8
47 9 8
47 11 7
47 46 7
47 51 6
47 72 7
48 37 5
48 39 6
48 41 9
48 88 5
49 9 9
49 24 7
49 27 8
49 34 6
49 69 8
49 71 9
49 85 5
50 7 7
50 13 5
50 27 9
50 69 9
50 71 8
50 77 7
50 85 8
51 9 6
51 46 5
51 47 6
51 55 9
52 28 5
52 41 6
52 64 8
52 82 5
52 88 8
52 89 9
53 59 7
53 63 5
53 67 9
53 76 9
53 82 6
53 91 9
53 93 5
54 0 6
54 33 9
54 56 9
54 84 9
55 5 9
55 21 8
55 51 9
55 79 7
56 54 9
56 75 5
56 84 8
57 8 6
57 20 7
57 33 9
57 80 6
57 86 6
58 12 7
58 13 8
58 23 8
58 30 6
58 31 6
58 70 5
59 20 8
59 45 9
59 53 7
59 63 6
59 82 5
59 86 9
59 89 7
59 93 8
60 10 7
60 15 8
60 21 7
60 79 6
60 99 5
61 2 6
61 40 5
61 73 5
61 83 5
62 67 5
62 76 5
62 77 6
62 85 9
63 28 7
63 44 5
63 53 5
63 59 6
63 82 5
64 0 9
64 52 8
64 66 6
64 84 6
64 89 5
64 90 7
65 25 8
65 36 6
65 42 5
65 81 6
65 87 5
65 92 7
65 94 6
66 20 6
66 33 8
66 64 6
66 84 8
66 86 5
66 89 5
66 90 5
67 12 8
67 45 9
67 53 9
67 62 5
67 76 8
67 93 6
67 95 7
68 7 8
68 10 8
68 14 7
68 43 5
69 5 7
69 21 6
69 34 8
69 49 8
69 50 9
69 71 5
70 30 7
70 31 7
70 32 6
70 58 5
70 98 7
71 10 9
71 13 9
71 14 6
71 21 7
71 49 9
71 50 8
71 69 5
72 6 7
72 17 6
72 18 9
72 47 7
72 96 9
73 22 5
73 28 8
73 38 9
73 40 6
73 61 5
73 78 8
74 26 9
74 92 8
75 56 5
75 84 9
76 27 7
76 53 9
76 62 5
76 67 8
76 77 9
76 91 8
76 93 8
77 12 9
77 13 6
77 30 8
77 50 7
77 62 6
77 76 9
78 22 5
78 37 9
78 38 5
78 73 8
78 88 9
79 15 6
79 21 9
79 55 7
79 60 6
80 33 7
80 57 6
80 86 8
81 35 7
81 36 6
81 65 6
81 87 9
81 92 7
81 94 6
82 28 8
82 52 5
82 53 6
82 59 5
82 63 5
82 89 8
82 93 9
83 2 5
83 18 5
83 24 9
83 40 8
83 61 5
84 0 9
84 41 8
84 54 9
84 56 8
84 64 6
84 66 8
84 75 9
84 90 9
85 27 5
85 34 9
85 49 5
85 50 8
85 62 9
86 20 5
86 33 9
86 57 6
86 59 9
86 66 5
86 80 8
86 90 6
87 8 6
87 36 7
87 42 6
87 65 5
87 81 9
87 95 8
88 37 6
88 39 5
88 41 6
88 48 5
88 52 8
88 78 9
89 20 9
89 52 9
89 59 7
89 64 5
89 66 5
89 82 8
89 90 8
90 0 6
90 33 5
90 64 7
90 66 5
90 84 9
90 86 6
90 89 8
91 24 8
91 27 7
91 44 5
91 53 9
91 76 8
92 23 8
92 26 5
92 35 6
92 65 7
92 74 8
92 81 7
92 94 7
93 45 5
93 53 5
93 59 8
93 67 6
93 76 8
93 82 9
94 23 5
94 25 8
94 26 6
94 42 5
94 65 6
94 81 6
94 92 7
95 25 5
95 42 6
95 45 6
95 67 7
95 87 8
96 3 7
96 4 6
96 17 5
96 19 8
96 72 9
96 97 9
97 19 9
97 96 9
98 29 9
98 30 8
98 32 7
98 43 5
98 70 7
99 10 8
99 15 5
99 60 5
